*tools: Devcpp, CImg 1.2.5 library, Paint
*add Dev-Cpp/lib/libgdi32.a in parameters for the Linker
Project>>Build Options>>Linker Settings>>Add>>libgdi32.a

*dev and exe files should be in different directories
*do not move dev files, it usually leads to buikld error

#include <stdio.h>
#include <stdlib.h>
#include "CImg.h"
using namespace cimg_library;

int main() {
    CImg<double> image("baby2.bmp"),image2("baby3.bmp");
    CImgDisplay main_disp(image,"Original Image",0); //display the original image
    CImgDisplay second_disp(image2,"Second Image",0); //display second image

    CImg<double> subimage(image.dimx(),image.dimy(),1,3,0); //storage of result 
    for (int i=0;i<image.dimx();i++)
        for (int j=0;j<image.dimy();j++)
            for (int k=0;k<3;k++)
                {
                subimage(i,j,0,k)=image(i,j,0,k) - image2(i,j,0,k);
                printf("%f ",subimage(i,j,0,k)); // print the difference image matrix
                }
            printf("\n");
    CImgDisplay sub_disp(subimage,"Subtracted Image",0); //display second image
   
    while (!main_disp.is_closed) // Wait while the image is not closed
    main_disp.wait(); 
    return 0;
}





The height of the image is 24
The width of the image is 28
Press any key to continue . . .
253 253 253 253 253 253 253 253 253 252 253 253 254 250 252 254 255 255 217 227
227 181 194 192 148 157 159 124 134 136 138 147 146 146 153 150 94 97 99 86 103
99 184 194 197 200 219 228 136 151 158 82 91 87 47 66 67 49 67 66 40 50 48 19 25
 21 27 29 25 44 47 46 253 253 253 253 253 253 253 253 253 253 253 253 253 252 25
3 252 255 254 237 244 242 167 181 179 113 125 124 161 170 171 173 183 182 70 80
78 116 122 124 174 191 190 194 205 208 223 241 247 147 162 170 112 121 119 51 70
 69 42 62 61 51 63 61 19 25 22 0 1 0 174 178 180 253 253 253 253 253 253 253 253
 253 253 253 253 252 252 253 254 252 252 255 255 255 155 169 169 185 196 194 177
 189 187 88 97 96 144 153 153 109 118 124 198 218 218 175 187 191 190 207 214 13
5 151 160 121 130 128 41 62 63 36 58 58 53 65 65 15 24 21 0 2 1 254 255 255 253
252 253 252 253 253 253 253 253 252 252 253 251 254 253 254 250 252 255 255 255
223 237 238 178 193 187 117 128 125 110 122 122 85 93 94 205 217 224 224 245 246
 188 200 204 215 231 238 166 183 193 102 113 112 37 59 61 46 69 69 59 73 74 9 17
 16 106 109 107 140 145 149 248 254 253 253 251 253 254 251 251 255 255 254 255
255 255 255 255 255 255 255 255 255 255 255 153 168 170 176 196 194 110 121 121
189 205 209 228 246 252 202 221 222 181 187 192 193 212 214 152 161 170 107 118
120 43 57 57 49 66 69 65 84 84 0 2 0 222 229 229 97 102 107 253 252 253 255 254
255 255 255 255 233 237 236 144 147 145 86 91 88 78 83 81 69 74 72 80 71 78 129
131 131 172 172 171 255 255 255 197 227 227 177 209 206 200 211 216 232 241 251
163 180 192 119 136 140 65 84 82 38 57 55 25 42 41 135 146 144 163 168 168 73 78
 84 255 254 255 255 255 255 142 151 150 30 42 43 15 24 23 19 28 27 16 22 23 9 13
 14 7 11 12 4 7 3 50 32 28 94 74 72 167 161 160 152 166 159 182 196 195 223 247
250 161 182 193 86 107 111 33 54 51 35 55 52 28 44 45 207 217 217 81 89 91 37 45
 51 255 255 255 68 80 76 29 42 43 28 36 39 18 28 27 24 31 31 18 19 21 20 19 21 8
 9 9 13 16 8 86 70 60 108 95 83 142 122 111 143 143 127 180 179 172 218 221 223
163 178 190 113 131 136 72 92 93 44 65 70 130 144 147 107 116 117 39 47 49 90 10
1 106 142 149 147 39 51 53 20 31 33 27 32 35 17 23 26 10 11 14 22 23 22 7 11 13
8 5 0 105 86 79 116 98 94 126 113 87 144 131 113 142 126 109 132 111 93 128 110
85 138 117 98 110 110 102 57 75 77 76 98 100 171 181 186 118 124 128 89 92 97 80
 84 93 69 76 74 46 56 59 33 43 45 27 34 36 10 15 18 16 17 19 7 9 8 10 10 7 55 38
 31 133 119 109 18 19 16 72 60 46 129 110 96 132 109 95 131 103 86 118 95 72 118
 95 68 128 107 84 130 124 110 136 148 150 69 80 87 43 54 57 65 73 74 79 85 82 88
 92 90 27 36 40 34 44 46 16 21 24 11 15 17 7 13 16 1 1 0 44 36 27 101 75 63 127
117 103 4 13 10 44 33 29 98 77 63 113 88 74 120 90 76 99 72 56 95 73 50 101 70 4
1 110 81 58 134 127 120 202 204 216 153 159 173 52 62 75 21 27 35 93 97 97 22 30
 33 30 38 42 15 20 23 18 21 22 9 14 18 12 10 7 76 59 45 114 95 77 132 113 99 20
17 15 32 23 16 65 47 32 111 87 74 89 61 49 109 85 69 109 89 79 71 48 32 119 93 7
3 113 89 64 87 73 62 195 194 197 183 194 207 120 130 144 77 77 72 47 54 52 19 27
 30 17 21 25 19 25 27 5 10 13 28 24 20 71 56 42 103 84 68 113 93 81 62 45 33 62
46 28 93 73 52 121 99 87 140 116 107 93 67 50 119 101 87 81 53 49 114 86 71 112
91 67 94 72 49 78 66 54 180 190 202 169 179 190 104 104 96 49 52 51 21 27 30 20
25 27 8 14 15 16 19 22 20 16 11 79 63 49 98 81 62 103 85 70 95 72 59 90 67 49 11
9 99 83 141 119 109 147 122 117 82 59 45 86 67 52 72 42 42 85 55 43 102 81 59 81
 65 48 78 56 34 108 105 99 173 182 191 113 109 100 53 54 51 43 46 46 32 33 31 3
8 8 15 17 19 28 20 16 83 67 51 97 81 63 109 90 78 95 75 64 60 38 24 70 51 39 96
78 70 110 89 82 55 33 24 81 61 48 56 31 30 70 47 35 90 70 52 62 52 40 78 52 26 4
9 35 21 144 149 154 153 146 136 47 48 42 37 39 38 67 66 64 9 13 13 9 11 13 39 30
 25 85 68 50 96 78 65 106 89 82 46 32 26 34 24 15 58 43 31 69 52 40 69 52 39 63
43 33 79 62 53 38 22 21 65 50 37 78 62 44 52 39 28 55 34 17 41 31 28 64 61 66 16
5 162 152 110 109 101 94 95 86 120 121 112 13 17 13 2 7 6 47 42 38 76 56 40 89 6
7 56 92 82 73 7 7 2 34 32 31 64 49 33 99 80 63 96 78 64 88 70 53 76 58 50 46 31
21 71 60 45 56 47 34 45 30 15 37 27 22 119 123 133 170 177 189 110 111 102 133 1
34 125 65 68 58 156 160 149 40 40 35 9 12 11 17 16 13 41 30 20 54 37 26 66 61 53
 5 6 2 13 12 8 76 63 52 94 72 59 199 196 196 89 63 48 73 52 38 70 52 35 49 35 21
 36 26 19 38 32 26 134 134 139 154 160 175 142 153 166 156 161 154 79 83 77 112
120 111 68 74 68 60 63 57 33 37 34 20 22 22 8 4 4 29 22 16 41 36 33 12 8 3 32 29
 21 81 70 52 94 78 59 79 58 40 74 57 38 57 46 29 45 36 21 41 35 26 70 64 65 149
155 165 141 153 164 132 144 159 134 144 156 199 205 203 130 139 135 122 133 129
69 80 75 63 74 75 25 31 32 14 14 14 4 4 5 3 4 4 27 24 24 39 33 28 56 49 37 78 65
 48 75 60 47 58 46 38 51 45 40 43 45 42 143 143 142 218 222 225 193 202 214 161
171 186 133 148 160 134 149 161 153 161 178 247 249 248 166 168 172 176 181 185
75 82 80 35 40 44 21 24 26 10 11 10 2 1 0 0 2 0 0 0 0 7 4 1 24 19 14 57 49 48 13
5 131 137 125 129 138 118 128 142 108 117 130 69 81 82 53 67 66 74 83 91 77 83 9
4 62 71 80 82 93 101 98 104 117 235 235 235 249 246 251 209 210 213 209 210 211
35 35 39 0 0 0 0 0 0 0 0 0 0 0 0 4 3 4 49 51 52 78 80 80 85 87 89 85 89 94 123 1
31 141 103 114 128 80 83 98 84 95 98 137 149 143 88 99 99 49 57 60 55 61 65 44 5
0 54 48 56 60 235 234 237 190 189 194 228 227 232 230 229 234 252 253 254 184 18
4 186 132 133 135 62 64 66 59 61 66 93 97 104 116 123 129 73 83 87 39 46 49 66 7
2 76 93 96 104 156 156 166 142 139 148 0 4 8 160 173 170 130 147 146 101 110 111
 64 73 72 66 75 75 56 65 65 202 201 206 244 244 243 244 243 243 245 243 245 242
240 242 249 248 250 255 255 255 154 158 163 114 122 128 80 84 90 68 73 79 69 73
81 113 119 123 40 43 49 41 44 46 186 185 190 94 92 95 18 25 27 120 131 132 122 1
33 133 100 108 110 69 77 79 67 75 77 54 62 63 243 242 246 243 243 242 242 241 24
2 244 242 246 243 243 243 246 245 246 229 231 234 115 122 127 117 125 129 102 10
8 112 101 104 108 63 66 68 64 67 71 86 88 93 44 48 51 43 47 49 62 67 69 30 37 36
 86 95 95 127 138 139 90 99 101 62 71 74 68 77 80 65 72 75 214 213 218 214 213 2
18 213 211 216 212 211 216 214 214 215 217 217 220 188 191 194 100 110 111 82 89
 95 61 67 73 69 74 77 55 59 62 75 79 82 55 59 62 58 63 66 28 33 36 54 62 64 18 2
5 22 55 63 60 163 177 177 87 97 100 74 85 86 72 81 84 62 68 72 255 255 255 255 2
55 255 255 255 255 255 255 255 255 255 255 255 255 255 229 231 233 119 126 129 1
21 128 135 103 109 115 98 103 107 82 85 88 81 85 88 67 71 74 53 58 61 14 19 22 5
5 61 63 1 5 4 0 6 4 181 194 195 93 103 105 78 88 90 60 69 72 40 46 50 210 214 21
6 212 212 216 212 210 214 214 209 214 214 210 215 219 218 222 149 150 155 86 91
98 85 92 98 52 58 64 57 62 66 46 50 53 44 48 51 46 50 53 39 44 47 10 15 18 64 69
 71 5 10 8 0 0 0 157 167 168 101 111 114 60 70 72 52 60 63 45 52 56
